<!-- Generated by pkgdown: do not edit by hand -->
<!DOCTYPE html>
<html>
  <head>
  <meta charset="utf-8">
<meta http-equiv="X-UA-Compatible" content="IE=edge">
<meta name="viewport" content="width=device-width, initial-scale=1.0">

<title>Nonlinear Regression in R <U+2014> nlr <U+653C><U+3E32>€γε<U+3E32> wnl</title>

<!-- jquery -->
<script src="https://code.jquery.com/jquery-3.1.0.min.js" integrity="sha384-nrOSfDHtoPMzJHjVTdCopGqIqeYETSXhZDFyniQ8ZHcVy08QesyHcnOUpMpqnmWq" crossorigin="anonymous"></script>
<!-- Bootstrap -->

<link href="https://maxcdn.bootstrapcdn.com/bootstrap/3.3.7/css/bootstrap.min.css" rel="stylesheet" integrity="sha384-BVYiiSIFeK1dGmJRAkycuHAHRg32OmUcww7on3RYdg4Va+PmSTsz/K68vbdEjh4u" crossorigin="anonymous">
<script src="https://maxcdn.bootstrapcdn.com/bootstrap/3.3.7/js/bootstrap.min.js" integrity="sha384-Tc5IQib027qvyjSMfHjOMaLkfuWVxZxUPnCJA7l2mCWNIpG9mGCD8wGNIcPD7Txa" crossorigin="anonymous"></script>

<!-- Font Awesome icons -->
<link href="https://maxcdn.bootstrapcdn.com/font-awesome/4.6.3/css/font-awesome.min.css" rel="stylesheet" integrity="sha384-T8Gy5hrqNKT+hzMclPo118YTQO6cYprQmhrYwIiQ/3axmI1hQomh7Ud2hPOy8SP1" crossorigin="anonymous">


<!-- pkgdown -->
<link href="../pkgdown.css" rel="stylesheet">
<script src="../jquery.sticky-kit.min.js"></script>
<script src="../pkgdown.js"></script>
  
  
<!-- mathjax -->
<script src='https://mathjax.rstudio.com/latest/MathJax.js?config=TeX-AMS-MML_HTMLorMML'></script>

<!--[if lt IE 9]>
<script src="https://oss.maxcdn.com/html5shiv/3.7.3/html5shiv.min.js"></script>
<script src="https://oss.maxcdn.com/respond/1.4.2/respond.min.js"></script>
<![endif]-->


  </head>

  <body>
    <div class="container template-reference-topic">
      <header>
      <div class="navbar navbar-default navbar-fixed-top" role="navigation">
  <div class="container">
    <div class="navbar-header">
      <button type="button" class="navbar-toggle collapsed" data-toggle="collapse" data-target="#navbar">
        <span class="icon-bar"></span>
        <span class="icon-bar"></span>
        <span class="icon-bar"></span>
      </button>
      <a class="navbar-brand" href="../index.html">wnl</a>
    </div>
    <div id="navbar" class="navbar-collapse collapse">
      <ul class="nav navbar-nav">
        <li>
  <a href="..//index.html">
    <span class="fa fa-home fa-lg"></span>
     
  </a>
</li>
<li>
  <a href="../reference/index.html">Reference</a>
</li>
      </ul>
      
      <ul class="nav navbar-nav navbar-right">
        
      </ul>
    </div><!--/.nav-collapse -->
  </div><!--/.container -->
</div><!--/.navbar -->

      
      </header>

      <div class="row">
  <div class="col-md-9 contents">
    <div class="page-header">
    <h1>Nonlinear Regression in R</h1>
    </div>

    
    <p>It performs nonlinear regression usually for pharmacokinetic and pharmacodynamic models.</p>
    

    <pre class="usage"><span class='fu'>nlr</span>(<span class='no'>Fx</span>, <span class='no'>Data</span>, <span class='no'>pNames</span>, <span class='no'>IE</span>, <span class='no'>LB</span>, <span class='no'>UB</span>, <span class='kw'>Error</span><span class='kw'>=</span><span class='st'>"A"</span>, <span class='kw'>ObjFx</span><span class='kw'>=</span><span class='no'>ObjDef</span>, <span class='no'>SecNames</span>, <span class='no'>SecForms</span>)</pre>
    
    <h2 class="hasAnchor" id="arguments"><a class="anchor" href="#arguments"></a> Arguments</h2>
    <table class="ref-arguments">
    <colgroup><col class="name" /><col class="desc" /></colgroup>
    <tr>
      <th>Fx</th>
      <td><p>Function for structural model. It should return a vector of same length to observations.</p></td>
    </tr>
    <tr>
      <th>Data</th>
      <td><p>Data table which will be used in Fx. Fx should access this with <code>e$DATA</code>.</p></td>
    </tr>
    <tr>
      <th>pNames</th>
      <td><p>Parameter names in the order of Fx arguments</p></td>
    </tr>
    <tr>
      <th>IE</th>
      <td><p>Initial estimates of parameters</p></td>
    </tr>
    <tr>
      <th>LB</th>
      <td><p>Lower bound for <code>optim</code> function. Default value is 0.</p></td>
    </tr>
    <tr>
      <th>UB</th>
      <td><p>Upper bound for <code>optim</code> function. Default value is 1e+06.</p></td>
    </tr>
    <tr>
      <th>Error</th>
      <td><p>Error model. One of <code>"A"</code> for additive error, <code>"POIS"</code> for poisson error, <code>"P"</code> for proportional error, and <code>"C"</code> for combined error model.</p></td>
    </tr>
    <tr>
      <th>ObjFx</th>
      <td><p>Objective function to be minimized. Default is maximum likelihood estimation function.</p></td>
    </tr>
    <tr>
      <th>SecNames</th>
      <td><p>Names of secondary parameter estimates</p></td>
    </tr>
    <tr>
      <th>SecForms</th>
      <td><p>Formula to calculate the secondary parameter estimates</p></td>
    </tr>
    </table>
    
    <h2 class="hasAnchor" id="details"><a class="anchor" href="#details"></a>Details</h2>

    <p>This uses scaled transformed parameters and environment <code>e</code> internally.</p>
    
    <h2 class="hasAnchor" id="value"><a class="anchor" href="#value"></a>Value</h2>

    <p>This returns point estimate, standard error, relative standard error, covariance matrix of estimates, run test results on residuals, AIC, and AICc. Details are stored in the environment <code>e</code>.</p>
    

    <h2 class="hasAnchor" id="examples"><a class="anchor" href="#examples"></a>Examples</h2>
    <pre class="examples"><div class='input'><span class='no'>tData</span> <span class='kw'>=</span> <span class='no'>Theoph</span>
<span class='fu'>colnames</span>(<span class='no'>tData</span>) <span class='kw'>=</span> <span class='fu'>c</span>(<span class='st'>"ID"</span>, <span class='st'>"BWT"</span>, <span class='st'>"DOSE"</span>, <span class='st'>"TIME"</span>, <span class='st'>"DV"</span>)

<span class='no'>fPK</span> <span class='kw'>=</span> <span class='kw'>function</span>(<span class='no'>THETA</span>) <span class='co'># Prediction function</span>
{
  <span class='no'>DOSE</span> <span class='kw'>=</span> <span class='fl'>320000</span> <span class='co'># in microgram</span>
  <span class='no'>TIME</span> <span class='kw'>=</span> <span class='no'>e</span>$<span class='no'>DATA</span>[,<span class='st'>"TIME"</span>] <span class='co'># use data in e$DATA</span>

  <span class='no'>K</span>    <span class='kw'>=</span> <span class='no'>THETA</span>[<span class='fl'>1</span>]
  <span class='no'>Ka</span>   <span class='kw'>=</span> <span class='no'>THETA</span>[<span class='fl'>2</span>]
  <span class='no'>V</span>    <span class='kw'>=</span> <span class='no'>THETA</span>[<span class='fl'>3</span>]

  <span class='no'>P</span>  <span class='kw'>=</span> <span class='no'>DOSE</span>/<span class='no'>V</span>*<span class='no'>Ka</span>/(<span class='no'>Ka</span> - <span class='no'>K</span>) * (<span class='fu'>exp</span>(-<span class='no'>K</span>*<span class='no'>TIME</span>) - <span class='fu'>exp</span>(-<span class='no'>Ka</span>*<span class='no'>TIME</span>))
  <span class='fu'>return</span>(<span class='no'>P</span>)
}

<span class='no'>IDs</span> <span class='kw'>=</span> <span class='fu'>unique</span>(<span class='no'>tData</span>[,<span class='st'>"ID"</span>])
<span class='no'>nID</span> <span class='kw'>=</span> <span class='fu'>length</span>(<span class='no'>IDs</span>)
<span class='kw'>for</span> (<span class='no'>i</span> <span class='kw'>in</span> <span class='fl'>1</span>:<span class='no'>nID</span>) {
  <span class='no'>Data</span> <span class='kw'>=</span> <span class='no'>tData</span>[<span class='no'>tData</span>$<span class='no'>ID</span> <span class='kw'>==</span> <span class='no'>IDs</span>[<span class='no'>i</span>],]
  <span class='no'>Res</span> <span class='kw'>=</span> <span class='fu'>nlr</span>(<span class='no'>fPK</span>, <span class='no'>Data</span>, <span class='kw'>pNames</span><span class='kw'>=</span><span class='fu'>c</span>(<span class='st'>"k"</span>, <span class='st'>"ka"</span>, <span class='st'>"V"</span>), <span class='kw'>IE</span><span class='kw'>=</span><span class='fu'>c</span>(<span class='fl'>0.1</span>, <span class='fl'>3</span>, <span class='fl'>500</span>),
            <span class='kw'>SecNames</span><span class='kw'>=</span><span class='fu'>c</span>(<span class='st'>"CL"</span>, <span class='st'>"Thalf"</span>, <span class='st'>"MRT"</span>), <span class='kw'>SecForms</span><span class='kw'>=</span><span class='fu'>c</span>(~<span class='no'>V</span>*<span class='no'>k</span>, ~<span class='fu'>log</span>(<span class='fl'>2</span>)/<span class='no'>k</span>, ~<span class='fl'>1</span>/<span class='no'>k</span>))
  <span class='fu'>print</span>(<span class='fu'>paste0</span>(<span class='st'>"## ID = "</span>, <span class='no'>i</span>, <span class='st'>"##"</span>))
  <span class='fu'>print</span>(<span class='no'>Res</span>)
}</div><div class='output co'>#&gt; [1] "## ID = 1##"
#&gt; $Est
#&gt;                k         ka            V  AddErrVar   AddErrSD         CL
#&gt; PE   0.053954312  1.7774192 29394.222169  0.3896372  0.6242092 1585.94503
#&gt; SE   0.007784005  0.2299941  1449.530064  0.1661418  0.1330819  172.85019
#&gt; RSE 14.427031240 12.9397799     4.931343 42.6401419 21.3200709   10.89888
#&gt;        Thalf       MRT
#&gt; PE  12.84693 18.534200
#&gt; SE   1.85343  2.673935
#&gt; RSE 14.42703 14.427031
#&gt; 
#&gt; $Cov
#&gt;                       k            ka             V     AddErrVar
#&gt; k          6.059074e-05 -9.280489e-04 -9.013867e+00 -1.664726e-08
#&gt; ka        -9.280489e-04  5.289730e-02  2.119645e+02  3.840233e-07
#&gt; V         -9.013867e+00  2.119645e+02  2.101137e+06  3.776608e-03
#&gt; AddErrVar -1.664726e-08  3.840233e-07  3.776608e-03  2.760311e-02
#&gt; 
#&gt; $run
#&gt; $run$m
#&gt; [1] 5
#&gt; 
#&gt; $run$n
#&gt; [1] 6
#&gt; 
#&gt; $run$run
#&gt; [1] 5
#&gt; 
#&gt; $run$p.value
#&gt; [1] 0.2619048
#&gt; 
#&gt; 
#&gt; $AIC
#&gt; [1] 28.84872
#&gt; 
#&gt; $AICc
#&gt; [1] 35.51538
#&gt; 
#&gt; [1] "## ID = 2##"
#&gt; $Est
#&gt;              k         ka            V  AddErrVar   AddErrSD         CL
#&gt; PE   0.1016610  1.9426639 32024.771536  0.8134795  0.9019310 3255.67032
#&gt; SE   0.0207964  0.4307417  3064.675035  0.3468676  0.1922917  451.30587
#&gt; RSE 20.4566171 22.1727339     9.569701 42.6399995 21.3199997   13.86215
#&gt;         Thalf       MRT
#&gt; PE   6.818221  9.836614
#&gt; SE   1.394777  2.012238
#&gt; RSE 20.456617 20.456617
#&gt; 
#&gt; $Cov
#&gt;                       k            ka             V     AddErrVar
#&gt; k          4.324903e-04 -5.234795e-03 -5.174777e+01 -2.618363e-08
#&gt; ka        -5.234795e-03  1.855384e-01  9.264106e+02  1.125730e-07
#&gt; V         -5.174777e+01  9.264106e+02  9.392233e+06  4.884966e-03
#&gt; AddErrVar -2.618363e-08  1.125730e-07  4.884966e-03  1.203172e-01
#&gt; 
#&gt; $run
#&gt; $run$m
#&gt; [1] 5
#&gt; 
#&gt; $run$n
#&gt; [1] 5
#&gt; 
#&gt; $run$run
#&gt; [1] 6
#&gt; 
#&gt; $run$p.value
#&gt; [1] 0.6428571
#&gt; 
#&gt; 
#&gt; $AIC
#&gt; [1] 36.9459
#&gt; 
#&gt; $AICc
#&gt; [1] 43.61257
#&gt; 
#&gt; [1] "## ID = 3##"
#&gt; $Est
#&gt;               k        ka            V   AddErrVar    AddErrSD         CL
#&gt; PE  0.081424641 2.4535753 34319.365330  0.03966119  0.19915117 2794.44201
#&gt; SE  0.003809873 0.1437188   684.951604  0.01691155  0.04245909   92.85260
#&gt; RSE 4.679017016 5.8575265     1.995817 42.64005756 21.32002878    3.32276
#&gt;         Thalf        MRT
#&gt; PE  8.5127447 12.2812945
#&gt; SE  0.3983128  0.5746439
#&gt; RSE 4.6790170  4.6790170
#&gt; 
#&gt; $Cov
#&gt;                       k            ka             V     AddErrVar
#&gt; k          1.451513e-05 -3.094035e-04 -2.072882e+00 -2.225382e-09
#&gt; ka        -3.094035e-04  2.065510e-02  6.848231e+01  6.715510e-08
#&gt; V         -2.072882e+00  6.848231e+01  4.691587e+05  4.890907e-04
#&gt; AddErrVar -2.225382e-09  6.715510e-08  4.890907e-04  2.860006e-04
#&gt; 
#&gt; $run
#&gt; $run$m
#&gt; [1] 5
#&gt; 
#&gt; $run$n
#&gt; [1] 5
#&gt; 
#&gt; $run$run
#&gt; [1] 7
#&gt; 
#&gt; $run$p.value
#&gt; [1] 0.3571429
#&gt; 
#&gt; 
#&gt; $AIC
#&gt; [1] 3.715465
#&gt; 
#&gt; $AICc
#&gt; [1] 10.38213
#&gt; 
#&gt; [1] "## ID = 4##"
#&gt; $Est
#&gt;               k         ka            V  AddErrVar   AddErrSD         CL
#&gt; PE   0.08746650  1.1714812 31097.469810  0.5210868  0.7218634 2719.98679
#&gt; SE   0.01605189  0.2035763  2607.290790  0.2221923  0.1539019  328.29334
#&gt; RSE 18.35203984 17.3776875     8.384254 42.6401720 21.3200860   12.06967
#&gt;         Thalf       MRT
#&gt; PE   7.924716 11.432949
#&gt; SE   1.454347  2.098179
#&gt; RSE 18.352040 18.352040
#&gt; 
#&gt; $Cov
#&gt;                       k            ka             V     AddErrVar
#&gt; k          2.576631e-04 -2.094472e-03 -3.555243e+01 -3.661761e-08
#&gt; ka        -2.094472e-03  4.144333e-02  3.931963e+02  4.001436e-07
#&gt; V         -3.555243e+01  3.931963e+02  6.797965e+06  6.916609e-03
#&gt; AddErrVar -3.661761e-08  4.001436e-07  6.916609e-03  4.936942e-02
#&gt; 
#&gt; $run
#&gt; $run$m
#&gt; [1] 4
#&gt; 
#&gt; $run$n
#&gt; [1] 6
#&gt; 
#&gt; $run$run
#&gt; [1] 5
#&gt; 
#&gt; $run$p.value
#&gt; [1] 0.4047619
#&gt; 
#&gt; 
#&gt; $AIC
#&gt; [1] 32.04641
#&gt; 
#&gt; $AICc
#&gt; [1] 38.71308
#&gt; 
#&gt; [1] "## ID = 5##"
#&gt; $Est
#&gt;               k         ka           V  AddErrVar  AddErrSD         CL
#&gt; PE   0.08843508  1.4715011 26925.05354  1.2239519  1.106324 2381.11936
#&gt; SE   0.02009436  0.3192602  2739.87065  0.5218949  0.235869  366.26415
#&gt; RSE 22.72216233 21.6962239    10.17592 42.6401459 21.320073   15.38202
#&gt;         Thalf       MRT
#&gt; PE   7.837921 11.307729
#&gt; SE   1.780945  2.569361
#&gt; RSE 22.722162 22.722162
#&gt; 
#&gt; $Cov
#&gt;                       k            ka             V     AddErrVar
#&gt; k          4.037834e-04 -3.825702e-03 -4.562695e+01 -7.384263e-08
#&gt; ka        -3.825702e-03  1.019271e-01  6.136298e+02  1.049592e-06
#&gt; V         -4.562695e+01  6.136298e+02  7.506891e+06  1.180134e-02
#&gt; AddErrVar -7.384263e-08  1.049592e-06  1.180134e-02  2.723742e-01
#&gt; 
#&gt; $run
#&gt; $run$m
#&gt; [1] 4
#&gt; 
#&gt; $run$n
#&gt; [1] 6
#&gt; 
#&gt; $run$run
#&gt; [1] 6
#&gt; 
#&gt; $run$p.value
#&gt; [1] 0.5952381
#&gt; 
#&gt; 
#&gt; $AIC
#&gt; [1] 41.43958
#&gt; 
#&gt; $AICc
#&gt; [1] 48.10625
#&gt; 
#&gt; [1] "## ID = 6##"
#&gt; $Est
#&gt;               k         ka            V  AddErrVar   AddErrSD        CL
#&gt; PE   0.09952552  1.1637350 41104.663654  0.2222050  0.4713862 4090.9629
#&gt; SE   0.01617973  0.1850828  3235.606751  0.0947491  0.1005005  420.7268
#&gt; RSE 16.25686601 15.9042025     7.871629 42.6403998 21.3201999   10.2843
#&gt;         Thalf       MRT
#&gt; PE   6.964517 10.047674
#&gt; SE   1.132212  1.633437
#&gt; RSE 16.256866 16.256866
#&gt; 
#&gt; $Cov
#&gt;                       k            ka             V     AddErrVar
#&gt; k          2.617837e-04 -1.988203e-03 -4.509907e+01 -3.223842e-08
#&gt; ka        -1.988203e-03  3.425563e-02  4.527839e+02  3.985651e-07
#&gt; V         -4.509907e+01  4.527839e+02  1.046915e+07  6.770589e-03
#&gt; AddErrVar -3.223842e-08  3.985651e-07  6.770589e-03  8.977391e-03
#&gt; 
#&gt; $run
#&gt; $run$m
#&gt; [1] 5
#&gt; 
#&gt; $run$n
#&gt; [1] 5
#&gt; 
#&gt; $run$run
#&gt; [1] 4
#&gt; 
#&gt; $run$p.value
#&gt; [1] 0.1666667
#&gt; 
#&gt; 
#&gt; $AIC
#&gt; [1] 22.67088
#&gt; 
#&gt; $AICc
#&gt; [1] 29.33754
#&gt; 
#&gt; [1] "## ID = 7##"
#&gt; $Est
#&gt;               k          ka            V   AddErrVar    AddErrSD          CL
#&gt; PE   0.10224535  0.67974242 32621.575146  0.09059623  0.30099207 3335.404346
#&gt; SE   0.01161466  0.07256341  1986.491058  0.03863041  0.06417181  207.010940
#&gt; RSE 11.35959330 10.67513321     6.089501 42.64020001 21.32010001    6.206472
#&gt;          Thalf       MRT
#&gt; PE   6.7792539  9.780396
#&gt; SE   0.7700957  1.111013
#&gt; RSE 11.3595933 11.359593
#&gt; 
#&gt; $Cov
#&gt;                       k            ka             V     AddErrVar
#&gt; k          1.349002e-04 -6.670885e-04 -2.128023e+01 -1.436815e-08
#&gt; ka        -6.670885e-04  5.265448e-03  1.234222e+02  8.046788e-08
#&gt; V         -2.128023e+01  1.234222e+02  3.946147e+06  2.638606e-03
#&gt; AddErrVar -1.436814e-08  8.046787e-08  2.638605e-03  1.492309e-03
#&gt; 
#&gt; $run
#&gt; $run$m
#&gt; [1] 4
#&gt; 
#&gt; $run$n
#&gt; [1] 7
#&gt; 
#&gt; $run$run
#&gt; [1] 5
#&gt; 
#&gt; $run$p.value
#&gt; [1] 0.3333333
#&gt; 
#&gt; 
#&gt; $AIC
#&gt; [1] 12.80186
#&gt; 
#&gt; $AICc
#&gt; [1] 19.46853
#&gt; 
#&gt; [1] "## ID = 8##"
#&gt; $Est
#&gt;               k         ka            V  AddErrVar  AddErrSD         CL
#&gt; PE   0.09195638  1.3755270 35692.013652  0.3348497  0.578662 3282.10853
#&gt; SE   0.01528989  0.2316089  2770.809865  0.1427802  0.123371  355.81477
#&gt; RSE 16.62732923 16.8378316     7.763109 42.6400962 21.320048   10.84104
#&gt;         Thalf       MRT
#&gt; PE   7.537782 10.874721
#&gt; SE   1.253332  1.808176
#&gt; RSE 16.627329 16.627329
#&gt; 
#&gt; $Cov
#&gt;                       k            ka             V     AddErrVar
#&gt; k          2.337808e-04 -2.274929e-03 -3.597285e+01 -2.495078e-08
#&gt; ka        -2.274929e-03  5.364269e-02  4.735930e+02  3.317224e-07
#&gt; V         -3.597285e+01  4.735930e+02  7.677387e+06  5.009122e-03
#&gt; AddErrVar -2.495078e-08  3.317224e-07  5.009122e-03  2.038620e-02
#&gt; 
#&gt; $run
#&gt; $run$m
#&gt; [1] 5
#&gt; 
#&gt; $run$n
#&gt; [1] 5
#&gt; 
#&gt; $run$run
#&gt; [1] 7
#&gt; 
#&gt; $run$p.value
#&gt; [1] 0.3571429
#&gt; 
#&gt; 
#&gt; $AIC
#&gt; [1] 27.18185
#&gt; 
#&gt; $AICc
#&gt; [1] 33.84852
#&gt; 
#&gt; [1] "## ID = 9##"
#&gt; $Est
#&gt;                k        ka            V   AddErrVar   AddErrSD          CL
#&gt; PE   0.086631747  8.865626 38948.216859  0.22625893  0.4756668 3374.152060
#&gt; SE   0.009328053  2.846690  1504.712606  0.09647691  0.1014123  286.814500
#&gt; RSE 10.767476217 32.109297     3.863367 42.64004647 21.3200232    8.500343
#&gt;          Thalf       MRT
#&gt; PE   8.0010759 11.543113
#&gt; SE   0.8615139  1.242902
#&gt; RSE 10.7674762 10.767476
#&gt; 
#&gt; $Cov
#&gt;                       k            ka             V     AddErrVar
#&gt; k          8.701257e-05 -9.311313e-03 -9.887669e+00 -7.334334e-09
#&gt; ka        -9.311313e-03  8.103646e+00  1.962685e+03  7.025506e-07
#&gt; V         -9.887669e+00  1.962685e+03  2.264160e+06  1.090413e-03
#&gt; AddErrVar -7.334334e-09  7.025506e-07  1.090413e-03  9.307795e-03
#&gt; 
#&gt; $run
#&gt; $run$m
#&gt; [1] 5
#&gt; 
#&gt; $run$n
#&gt; [1] 5
#&gt; 
#&gt; $run$run
#&gt; [1] 6
#&gt; 
#&gt; $run$p.value
#&gt; [1] 0.6428571
#&gt; 
#&gt; 
#&gt; $AIC
#&gt; [1] 22.86985
#&gt; 
#&gt; $AICc
#&gt; [1] 29.53651
#&gt; 
#&gt; [1] "## ID = 10##"
#&gt; $Est
#&gt;               k         ka           V   AddErrVar    AddErrSD          CL
#&gt; PE  0.073965665 0.69550537 25519.76585  0.12285496  0.35050671 1887.586459
#&gt; SE  0.006923395 0.05965454  1127.00909  0.05238562  0.07472841  108.080728
#&gt; RSE 9.360281733 8.57715071     4.41622 42.64021517 21.32010759    5.725869
#&gt;         Thalf       MRT
#&gt; PE  9.3712019 13.519786
#&gt; SE  0.8771709  1.265490
#&gt; RSE 9.3602817  9.360282
#&gt; 
#&gt; $Cov
#&gt;                       k            ka             V     AddErrVar
#&gt; k          4.793339e-05 -3.108263e-04 -7.015432e+00 -1.223971e-08
#&gt; ka        -3.108263e-04  3.558665e-03  5.633714e+01  9.243673e-08
#&gt; V         -7.015432e+00  5.633714e+01  1.270149e+06  2.133120e-03
#&gt; AddErrVar -1.223971e-08  9.243673e-08  2.133120e-03  2.744253e-03
#&gt; 
#&gt; $run
#&gt; $run$m
#&gt; [1] 5
#&gt; 
#&gt; $run$n
#&gt; [1] 6
#&gt; 
#&gt; $run$run
#&gt; [1] 6
#&gt; 
#&gt; $run$p.value
#&gt; [1] 0.7380952
#&gt; 
#&gt; 
#&gt; $AIC
#&gt; [1] 16.15237
#&gt; 
#&gt; $AICc
#&gt; [1] 22.81904
#&gt; 
#&gt; [1] "## ID = 11##"
#&gt; $Est
#&gt;               k        ka            V   AddErrVar    AddErrSD          CL
#&gt; PE  0.098123028 3.8490542 37945.347628  0.03874697  0.19684251 3723.312416
#&gt; SE  0.004603223 0.2483307   768.521663  0.01652178  0.04196701  126.928376
#&gt; RSE 4.691277227 6.4517342     2.025338 42.64019332 21.32009666    3.409018
#&gt;         Thalf        MRT
#&gt; PE  7.0640623 10.1912876
#&gt; SE  0.3313947  0.4781016
#&gt; RSE 4.6912772  4.6912772
#&gt; 
#&gt; $Cov
#&gt;                       k            ka             V     AddErrVar
#&gt; k          2.118966e-05 -5.781500e-04 -2.697293e+00 -1.807689e-09
#&gt; ka        -5.781500e-04  6.166816e-02  1.233536e+02  7.806693e-08
#&gt; V         -2.697293e+00  1.233536e+02  5.906255e+05  3.550742e-04
#&gt; AddErrVar -1.807689e-09  7.806693e-08  3.550742e-04  2.729694e-04
#&gt; 
#&gt; $run
#&gt; $run$m
#&gt; [1] 4
#&gt; 
#&gt; $run$n
#&gt; [1] 6
#&gt; 
#&gt; $run$run
#&gt; [1] 4
#&gt; 
#&gt; $run$p.value
#&gt; [1] 0.1904762
#&gt; 
#&gt; 
#&gt; $AIC
#&gt; [1] 3.458906
#&gt; 
#&gt; $AICc
#&gt; [1] 10.12557
#&gt; 
#&gt; [1] "## ID = 12##"
#&gt; $Est
#&gt;               k          ka            V  AddErrVar   AddErrSD          CL
#&gt; PE   0.10557578  0.83291039 24017.514932  0.2553549  0.5053266 2535.667942
#&gt; SE   0.01289139  0.09971057  1557.293843  0.1088724  0.1077248  176.024973
#&gt; RSE 12.21055245 11.97134456     6.483992 42.6356972 21.3178486    6.941957
#&gt;          Thalf       MRT
#&gt; PE   6.5653994  9.471869
#&gt; SE   0.8016715  1.156568
#&gt; RSE 12.2105525 12.210552
#&gt; 
#&gt; $Cov
#&gt;                       k            ka             V    AddErrVar
#&gt; k          1.661878e-04 -9.662099e-04 -1.812356e+01 4.339652e-09
#&gt; ka        -9.662099e-04  9.942198e-03  1.276843e+02 4.984468e-07
#&gt; V         -1.812356e+01  1.276843e+02  2.425164e+06 9.254575e-04
#&gt; AddErrVar  4.339652e-09  4.984468e-07  9.254575e-04 1.185319e-02
#&gt; 
#&gt; $run
#&gt; $run$m
#&gt; [1] 5
#&gt; 
#&gt; $run$n
#&gt; [1] 5
#&gt; 
#&gt; $run$run
#&gt; [1] 5
#&gt; 
#&gt; $run$p.value
#&gt; [1] 0.3571429
#&gt; 
#&gt; 
#&gt; $AIC
#&gt; [1] 24.20169
#&gt; 
#&gt; $AICc
#&gt; [1] 30.86835
#&gt; </div><div class='input'>
</div></pre>
  </div>
  <div class="col-md-3 hidden-xs hidden-sm" id="sidebar">
    <h2>Contents</h2>
    <ul class="nav nav-pills nav-stacked">
      <li><a href="#arguments">Arguments</a></li>
      
      <li><a href="#details">Details</a></li>

      <li><a href="#value">Value</a></li>
      
      <li><a href="#examples">Examples</a></li>
    </ul>

    <h2>Author</h2>
    Kyun-Seop Bae &lt;k@acr.kr&gt;
  </div>
</div>

      <footer>
      <div class="copyright">
  <p>Developed by Kyun-Seop Bae.</p>
</div>

<div class="pkgdown">
  <p>Site built with <a href="http://hadley.github.io/pkgdown/">pkgdown</a>.</p>
</div>

      </footer>
   </div>

  </body>
</html>
